Layer: network.network.0.weight
Weights:
[[-0.11913124  0.14729157  0.13453904 ...  0.12974201 -0.21479267
   0.19542423]
 [-0.01402558  0.00227747  0.01897856 ...  0.9329365  -0.12930872
   0.22983657]
 [-0.18917276 -0.17311665 -0.1489275  ... -0.16945757  0.60046715
  -0.13785776]
 ...
 [-0.0936376  -0.10571309  0.09382513 ... -0.19291723  0.66336787
  -0.16466126]
 [ 0.0160991   0.70651203  0.93198574 ...  0.08137754  0.22961596
   0.04663346]
 [ 0.04671929 -0.25883028 -0.3022472  ...  0.02386962  0.61521804
   0.09537429]]

Layer: network.network.0.bias
Weights:
[ 6.43382370e-02 -7.45863467e-02 -2.28034213e-01 -2.55852729e-01
  4.34470981e-01 -3.13266274e-03 -2.25770861e-01  1.83888376e-02
 -1.61932811e-01 -1.73326761e-01 -1.85560465e-01 -1.03129633e-02
  7.99022615e-02 -4.40322429e-01 -4.72789168e-01  3.77810583e-03
  1.06559373e-01 -4.22763601e-02 -1.47114825e-02 -1.61133081e-01
 -2.88195938e-01  1.19468793e-01 -6.04628086e-01  1.48699820e-01
 -3.34498852e-01  2.19108462e-01 -3.31568122e-01 -2.34420508e-01
  4.17280495e-01 -4.12962884e-01  3.60233970e-02 -3.13612819e-01
 -2.39178106e-01  1.47992685e-01 -9.06809792e-02 -2.61100471e-01
 -3.04622054e-01 -3.60575557e-01 -3.02442044e-01  3.67238700e-01
  3.65781188e-01 -4.14872617e-01 -3.11231405e-01  3.11853766e-01
  1.48718834e-01  9.04644802e-02 -4.35097516e-01 -1.09990574e-01
  9.04780068e-03 -2.58697033e-01 -4.59015459e-01 -4.93681282e-01
  3.00181955e-01  3.58082414e-01 -5.98460138e-01  1.08936407e-01
 -4.32769805e-01 -2.28992984e-01  1.87025532e-01 -3.85805607e-01
 -4.65342939e-01 -5.40295601e-01  3.68853450e-01 -9.12409648e-02
  1.37678012e-01 -2.70559825e-03  1.70983866e-01 -1.19339777e-02
  1.40096292e-01  8.97269621e-02  9.14169550e-02 -1.30104661e-01
 -3.60439897e-01 -1.52334780e-01  3.78582478e-02  2.46453509e-01
 -5.13337672e-01 -1.42865196e-01 -4.47395414e-01 -1.85213268e-01
 -1.97597072e-01 -2.79662192e-01  1.43433124e-01 -1.85068280e-01
 -3.68206382e-01 -1.59454927e-01  1.50826260e-01  1.34410411e-01
 -1.16765827e-01  2.52233267e-01  2.52640814e-01 -2.56268173e-01
 -2.31581584e-01 -3.22018713e-01 -2.65014440e-01 -2.21908852e-01
 -1.00813977e-01 -2.36374326e-02 -3.18739504e-01  4.18290235e-02
 -1.38359874e-01 -8.92176032e-02 -1.40827045e-01 -8.29541683e-02
 -1.14218155e-02 -2.05658842e-02 -2.63024241e-01 -4.68875676e-01
 -2.40025535e-01 -1.54118970e-01 -3.13952953e-01 -3.18282396e-01
 -3.12961102e-01  1.98138645e-03 -2.73025602e-01  6.25124434e-03
  3.23750317e-01  1.84249565e-01  2.78720465e-02 -1.50578633e-01
 -1.83390871e-01 -7.38813803e-02  4.22102138e-02 -6.54875994e-01
 -6.55205995e-02 -2.92842627e-01 -1.93750948e-01  7.25342110e-02
  1.46220595e-01 -1.28854215e-01  1.93269122e-02  2.96469808e-01
  2.38429993e-01  3.05058490e-02 -2.05749273e-01  1.01800382e-01
 -5.56841433e-01  4.89495359e-02 -2.17701197e-01 -1.67401254e-01
  1.13427550e-01  1.60415992e-01 -2.14667901e-01 -3.92739445e-01
 -2.08770022e-01 -1.49502099e-01 -4.25676495e-01 -2.10235894e-01
  1.04866154e-01 -1.70254245e-01 -4.21249658e-01 -1.84267834e-01
 -4.75233197e-01 -4.42695076e-04 -3.48799109e-01 -2.02367783e-01
 -3.44721556e-01 -2.72442937e-01 -3.17135066e-01  1.46880345e-02
  2.15054341e-02 -8.27790424e-03  3.77841532e-01 -2.02810064e-01
 -1.30857956e-02 -1.45151898e-01  9.22720879e-02 -3.08015108e-01
  2.32605278e-01 -2.77455330e-01 -3.89779419e-01 -2.40688715e-02
 -4.30094153e-01 -6.03334866e-02  4.13631052e-01 -3.72931421e-01
  2.60394663e-01 -1.64302811e-01 -2.15193659e-01 -3.57990153e-02
  7.05187470e-02 -1.74414411e-01 -3.31238300e-01 -2.16613308e-01
 -6.07013032e-02 -2.08494619e-01 -5.05080640e-01  1.33708388e-01
  2.23865703e-01  1.17826499e-01  1.49001271e-01 -1.02214739e-02
  8.32001492e-02 -6.07001960e-01 -3.92265528e-01  7.23194331e-02
  1.02713406e-01  5.77933192e-02  2.63946533e-01 -4.21160996e-01]

Layer: network.network.2.weight
Weights:
[[ 0.03568346 -0.06169495  0.02789618 ...  0.05605208 -0.16757028
   0.05283699]
 [ 0.07601427 -0.15362346  0.11032753 ... -0.08015921 -0.16025016
  -0.07313231]
 [-0.07947298  0.04449593 -0.04792595 ...  0.01100819 -0.10217971
   0.01888519]
 ...
 [ 0.12475004 -0.16876288 -0.17741421 ...  0.12905072  0.01982481
  -0.13539253]
 [-0.0925041   0.08879058  0.18154825 ... -0.08731182 -0.10957544
  -0.02998195]
 [-0.16686954  0.07713506  0.06889331 ... -0.1982231   0.0663776
   0.07715232]]

Layer: network.network.2.bias
Weights:
[-0.22147869 -0.02494148 -0.06230651 -0.020051    0.13698792  0.01676195
  0.01452779 -0.09554669  0.33129132  0.1921795   0.34155893  0.3039683
  0.1002629   0.09218577 -0.0087752   0.03488021  0.01217407 -0.03396753
  0.20351589 -0.03277327  0.08129783 -0.05225015  0.06958631 -0.22767183
  0.0348666   0.03345769  0.0892083   0.08848819 -0.02502574  0.01137313
  0.24583773 -0.32861608 -0.00647004 -0.17296904  0.2048772  -0.13258195
 -0.13309877  0.03831848  0.34916824 -0.19218744  0.17551997 -0.06633341
  0.01366539 -0.10947556  0.12243892 -0.17801473  0.16126299  0.04083416
 -0.15474871 -0.05963524  0.12986849  0.26538733 -0.1885111  -0.02875464
  0.13950942 -0.02171977  0.11568385  0.01650677  0.09914745 -0.21137147
 -0.08352573 -0.04027607  0.08635976  0.10781158  0.33679944  0.10525608
 -0.19893233  0.39205536 -0.15693244  0.03227327  0.2338314  -0.09871617
 -0.14855285  0.3113768   0.15456694 -0.06396378 -0.07209572 -0.19884412
  0.01549716  0.08420765  0.3069173  -0.0289421  -0.12526087  0.20077717
  0.12291075  0.42450163  0.09375325  0.12280606  0.09440583  0.0430829
 -0.14224435 -0.09790085  0.22598876 -0.03344024  0.15943716  0.23036708
 -0.01249383 -0.0617885   0.09191027 -0.00555885 -0.02862679 -0.06706606
  0.05112051  0.00270871  0.18427925  0.27474406  0.14388497  0.04778736
  0.02690527 -0.18534005 -0.14272518  0.05811745  0.1064656  -0.18981019
 -0.03647067 -0.04664672 -0.48390424 -0.03749443  0.3402597   0.1768349
  0.091189   -0.02989965 -0.08206545 -0.03377865  0.0311248  -0.20028052
 -0.10777757 -0.00357058  0.18938279  0.31584787  0.27075648 -0.02028413
  0.04116707  0.07148221 -0.10321281  0.09474321 -0.02114045  0.25477663
  0.02659933  0.06741451 -0.14371766  0.18378574  0.14634025  0.22713275
  0.1779709   0.06383225  0.08632323 -0.10867398  0.0104774   0.20843643
  0.24601226 -0.01107572 -0.33480945  0.17813422 -0.06215933  0.07149382
  0.09827865  0.05377513  0.03789055  0.09906808  0.12996072 -0.12519448
  0.03893146 -0.12171455  0.03128859 -0.03471758  0.0323013   0.11332017
 -0.13702832  0.13313553 -0.00753781 -0.00069811  0.02793736 -0.07972365
  0.20082429 -0.16642883  0.19195676  0.05499425 -0.30551338 -0.1756159
  0.14028947  0.12912993  0.1533671  -0.04045954  0.24392255  0.10183173
 -0.07675306  0.01811122  0.26797765 -0.02507075  0.29289842 -0.12261552
  0.06903628 -0.15484259  0.17801492  0.02988472  0.02160038  0.08405603
 -0.11043283 -0.04414887]

Layer: network.network.4.weight
Weights:
[[-0.09184363 -0.0170398  -0.04156595 ...  0.13042095  0.00519072
  -0.11748616]
 [-0.3770499  -0.4617345   0.03119164 ... -0.0539253  -0.04250092
   0.07197448]
 [-0.27884716  0.03964594 -0.04821912 ...  0.02250179 -0.07271148
   0.15138598]
 ...
 [-0.00767971  0.06360024 -0.04888925 ... -0.05431809 -0.06241298
  -0.33241132]
 [-0.19102736  0.05142498  0.01012272 ...  0.03467883 -0.20000352
   0.00463253]
 [-0.23468576  0.04974501 -0.02653555 ...  0.05229892  0.00053813
   0.04511615]]

Layer: network.network.4.bias
Weights:
[ 2.27010017e-03 -2.91340232e-01 -7.54199699e-02 -9.12949592e-02
 -1.02062613e-01 -3.34762856e-02 -1.67892665e-01  6.45252019e-02
 -4.56479974e-02 -1.72079310e-01 -4.47684169e-01  1.06142402e-01
 -3.14905852e-01 -1.40211567e-01 -5.32262862e-01 -2.55495667e-01
 -7.68554397e-03 -7.89852440e-03 -1.78300649e-01 -3.28824192e-01
 -1.21185958e-01  7.05532804e-02 -5.87512963e-02 -1.47140324e-01
 -1.73912898e-01 -8.84409174e-02 -8.32929164e-02 -7.46954903e-02
 -1.02365032e-01 -8.52166861e-03 -2.04377249e-01  1.25813365e-01
 -3.10404114e-02 -4.51443404e-01 -1.16225787e-01 -1.04605727e-01
  3.70124996e-01 -1.39552820e-02 -3.67599517e-01 -4.60986234e-02
  4.34267707e-02 -2.59324741e-02 -3.01018119e-01 -7.09929839e-02
 -8.98283347e-02 -1.27869174e-01 -1.86715737e-01 -1.55419618e-01
 -3.17393467e-02 -1.56460941e-01  1.41701773e-02  1.29165396e-03
 -1.32882714e-01 -4.28231537e-01 -9.87520888e-02 -3.52459177e-02
 -1.38743982e-01 -3.87043506e-01 -7.13291466e-02 -5.97839892e-01
 -3.71053904e-01 -1.44377738e-01 -1.95799023e-01  5.11479340e-02
 -1.59069523e-02 -1.91077635e-01 -4.78844270e-02  1.56213194e-02
  7.75360242e-02  1.58674255e-01 -1.47642478e-01  2.60194167e-02
  1.65376306e-01  4.28108633e-01  1.21699832e-01 -2.31144473e-01
 -4.71226759e-02 -1.36385545e-01  4.21017557e-02  3.84478010e-02
 -1.04852602e-01  1.68382689e-01 -6.35614470e-02  3.16282153e-01
 -1.20239437e-01 -2.36884400e-01 -3.78724001e-02  6.74636289e-02
 -1.33691654e-01  6.17226809e-02  9.35302824e-02 -2.90221293e-02
 -3.65511551e-02 -1.72653377e-01 -5.13943750e-03 -1.12173416e-01
 -1.65026322e-01  2.26733297e-01 -2.42198482e-01 -2.82493442e-01
  1.99938834e-01 -6.64816275e-02 -2.10733712e-01 -1.83334380e-01
 -1.72285661e-01  2.19398411e-03 -1.50240434e-03 -1.35148138e-01
 -8.92648324e-02 -1.84598863e-01 -4.54354510e-02 -6.20934367e-02
 -8.56583640e-02  1.17145747e-01  3.24092992e-02 -1.96837500e-01
  1.33981124e-01  2.71919340e-01 -2.96736024e-02  1.55620441e-01
 -4.77567986e-02 -1.15539789e-01 -1.35289818e-01 -2.08674237e-01
 -6.90309629e-02  1.32848591e-01  7.41380155e-02 -9.66034532e-02
  1.37462705e-01 -2.87495911e-01 -1.85198653e-02 -2.47935012e-01
 -5.07157259e-02 -9.20221675e-03  1.30215377e-01  4.65758801e-01
  1.28479011e-03 -1.75578017e-02 -4.41894755e-02 -4.02976066e-01
 -7.29461610e-02 -2.08255589e-01 -2.09523067e-01 -3.22805904e-02
 -1.26121134e-01  2.70382110e-02  3.28063741e-02 -3.98129597e-02
 -1.67118803e-01 -7.73157552e-02 -2.05243170e-01 -1.02245264e-01
 -2.30902210e-01 -1.12505846e-01 -2.91498192e-02 -1.12602644e-01
 -1.23631127e-01 -4.93445903e-01 -2.74625063e-01  3.95269185e-01
  1.58412054e-01  3.17805447e-02  2.05172643e-01  2.58647092e-02
  2.52677917e-01 -6.75260052e-02 -9.08025950e-02 -2.42191434e-01
 -2.15062261e-01  4.60238103e-03 -1.79510389e-05 -1.35561079e-01
 -1.33664459e-01 -6.48287386e-02  3.76669946e-03  6.11666637e-03
 -1.58506602e-01 -9.94645804e-02 -1.58549517e-01 -1.81754589e-01
 -1.32501408e-01 -7.56884441e-02 -9.07740891e-02  1.29484817e-01
 -1.00564890e-01  7.55959675e-02  1.32070720e-01 -1.49103984e-01
  9.99597460e-02  1.05554730e-01  1.78558882e-02 -4.66627143e-02
  5.90820946e-02  5.17007634e-02 -8.08807388e-02 -4.37399559e-02
  2.00555772e-01  2.52600163e-01  5.54086529e-02  6.11310303e-01]

Layer: network.network.6.weight
Weights:
[[-0.13607778  0.08327883 -0.0251964  ... -0.04532351  0.10313056
   0.02958843]
 [-0.02843042  0.09615149  0.01332049 ...  0.13070214 -0.0448926
  -0.09036682]
 [-0.19312802 -0.13179035  0.07524167 ... -0.08371208 -0.1719271
  -0.02560901]
 ...
 [-0.06077345 -0.13831456  0.04527927 ...  0.05290167 -0.08649213
   0.01619179]
 [ 0.02957282 -0.34266406 -0.02378604 ... -0.2713511  -0.0088217
  -0.03903452]
 [-0.17701478  0.05485665 -0.02874006 ... -0.05989445 -0.20605038
  -0.03521243]]

Layer: network.network.6.bias
Weights:
[ 0.00838967 -0.0617709   0.02551665  0.12245933  0.09707217 -0.07820041
 -0.0719402  -0.03062453  0.21346024  0.1603254  -0.05251066 -0.14073493
  0.24757072  0.28920627  0.31064254 -0.05300894 -0.31235817 -0.14684789
 -0.04437594 -0.32351336 -0.09131245  0.0250631   0.08065271  0.4448017
  0.10304049  0.09165815  0.15080675  0.02834107  0.02332157 -0.07253996
 -0.00806488  0.19879404  0.1562061   0.0201237   0.45398927  0.15255822
  0.00944186  0.24483241 -0.05244307  0.13142972 -0.13098812 -0.10007963
 -0.19191453 -0.1494054  -0.15941943 -0.04896668  0.17715168 -0.07467189
  0.01505566 -0.08632986 -0.11867222 -0.1594196   0.30035022 -0.10976448
  0.08676945  0.01704526 -0.05400674 -0.16649467  0.01282485  0.13587563
 -0.01039382 -0.22178628 -0.13084736  0.29323703  0.06144693 -0.11301173
 -0.04311717 -0.01205863  0.08534514 -0.02952936  0.11599538 -0.07827432
  0.09810558 -0.16973045 -0.04170861  0.22407669  0.1122473  -0.05084244
 -0.24251257 -0.26794258 -0.0718575  -0.20644718 -0.05652365 -0.09939571
 -0.19733045 -0.09802001  0.06402186  0.01994204 -0.10321489  0.09037194
 -0.16197826 -0.21206984 -0.08307423 -0.10934824 -0.2415589  -0.04832493
 -0.18724102 -0.28284407 -0.4560547  -0.22917485 -0.14723977  0.09539217
 -0.05967221 -0.06311761 -0.14111054 -0.129656   -0.196199   -0.2759526
 -0.13133632 -0.01084521 -0.13502303 -0.21493487 -0.17099439  0.03073476
 -0.15198599 -0.13446325  0.03297687  0.01968575  0.07863013 -0.27476212
 -0.28829703 -0.18357347  0.01792249 -0.07743821 -0.25405967  0.1029754
 -0.03826443 -0.31097293  0.18522862 -0.03285004  0.1868071   0.12142084
  0.3061968  -0.04981634  0.02997996  0.18465772 -0.05520986  0.11499431
  0.20342307 -0.12891494  0.04965547 -0.16894569  0.10475324 -0.19555877
 -0.07425859 -0.47805813 -0.13663988 -0.04907836  0.06533596  0.11468725
 -0.09640684 -0.07694226 -0.11892064  0.02750755 -0.13165402  0.47185045
  0.06137223 -0.08087847 -0.04062859 -0.6355015  -0.09754101 -0.03346597
 -0.03051327  0.05788834 -0.02267906 -0.1770059   0.21023947 -0.23436178
  0.09267598  0.06596784 -0.02617185 -0.14141816  0.09724828 -0.1518697
 -0.01390384  0.04768138 -0.18678018 -0.17593956 -0.20741396  0.02946108
  0.09989084 -0.2962215  -0.15986183  0.11531586 -0.2691378  -0.04593444
  0.3221063  -0.05623493 -0.03048464 -0.02889713 -0.05989985  0.10980239
  0.32074782 -0.05278793  0.4554261  -0.0047358   0.01558785 -0.10962313
 -0.02697348 -0.25775856]

Layer: network.network.8.weight
Weights:
[[ 6.7279503e-02  2.2797792e-01 -8.4903039e-02 ... -3.2286808e-02
   6.9251873e-02 -3.0280277e-02]
 [ 6.2262386e-02 -3.7326247e-02  3.1866066e-02 ...  8.9272164e-02
   2.0938192e-01  1.3377645e-02]
 [-2.0377107e-01  1.1533999e-01  3.2558087e-02 ... -9.8797001e-02
  -1.2260551e-01  6.0707256e-03]
 ...
 [ 1.4209592e-01 -1.6175756e-01 -9.7502179e-02 ...  7.1786553e-02
  -1.5123962e-01 -7.6156698e-02]
 [ 2.7655413e-02 -1.1948607e-01 -2.1519393e-01 ... -2.9754430e-02
  -1.5265760e-01 -2.8638649e-01]
 [-1.6845560e-01 -1.1964073e-01  6.4161211e-02 ... -3.8277633e-03
  -4.2612999e-05  1.0917075e-02]]

Layer: network.network.8.bias
Weights:
[ 0.16776483  0.01178343 -0.32412514 -0.10961361 -0.02184348  0.03998754
 -0.17699875 -0.0208171   0.25503707 -0.09103134  0.21396762 -0.00215079
 -0.21011345 -0.23894401 -0.6216068   0.30001676 -0.05878127 -0.00507071
 -0.2649409   0.06075253 -0.08134572  0.35432583 -0.01731677 -0.2676306
  0.06426615  0.16872565  0.03343624  0.02406968 -0.06046692 -0.0456445
 -0.05122609  0.24342057  0.22299203 -0.08522937  0.20263754  0.03151741
 -0.37809604 -0.11844083  0.22635062  0.09472488 -0.29443124 -0.17279318
 -0.12833115 -0.0627886   0.04664059  0.00677306 -0.16704674 -0.2652297
  0.1423435  -0.11667436  0.11249869 -0.18858032  0.22863457 -0.22793038
  0.03168758  0.13055609 -0.03867619  0.39275005 -0.00461913 -0.16110809
  0.29896498 -0.12206472  0.1620524  -0.0619726   0.12199643 -0.05779561
 -0.50576496 -0.12752867  0.03981357 -0.11640996  0.01218823 -0.04997919
 -0.16741656  0.04938791  0.0339375   0.1940825  -0.15697864 -0.11377745
 -0.03053359  0.4858188  -0.04001407  0.09605615 -0.08105998 -0.02359684
  0.06012569 -0.39097038 -0.55346984 -0.1372292   0.02936781  0.14199941
 -0.1659078  -0.01443957  0.38501617 -0.10264238  0.25372759 -0.08012328
  0.42121455 -0.29601505  0.01219284  0.18205024 -0.03997834 -0.20246142
 -0.1737097   0.06357709 -0.08521722  0.26750812 -0.07698637 -0.12891349
 -0.13098526  0.26439473  0.15682445 -0.11037121  0.1195022   0.07965726
  0.0033872  -0.08053741 -0.1362763   0.3859998  -0.09487969 -0.16272375
  0.07200942 -0.05522743  0.01729988 -0.2715774  -0.05698426  0.11868581
 -0.07221729 -0.36391833  0.26069257 -0.09128121 -0.10968941  0.26362
 -0.3402918   0.0360965  -0.1452567   0.266459   -0.30131117 -0.00696885
  0.09372941  0.00517635  0.33235508 -0.40394723  0.19024695  0.24987017
 -0.00485701 -0.03831302  0.20319234  0.17457528  0.16756113  0.01495837
  0.19788104  0.01062676 -0.09388557  0.16454832 -0.16146727 -0.10301504
 -0.10423659 -0.0399747  -0.03732938 -0.1391077  -0.20557638  0.2184301
  0.09224258 -0.16592433 -0.14104664  0.36911345 -0.15487675 -0.15278924
 -0.12046651 -0.16333522 -0.62493545 -0.02983614  0.18996958 -0.24603324
  0.11246796 -0.06345877  0.05170948  0.09888857 -0.17402077 -0.36707604
 -0.23957519  0.0775049  -0.00491241  0.12538724  0.10834833 -0.24313386
 -0.02701605 -0.14743531  0.02138085 -0.3495042  -0.2901314  -0.095645
 -0.34435245  0.1822335  -0.15313068  0.23305689  0.09020379  0.11662322
 -0.17761967 -0.19526647]

Layer: network.network.10.weight
Weights:
[[ 0.02634631 -0.15101995  0.19189906 ... -0.1722566  -0.11682127
  -0.34464288]
 [ 0.2008929   0.01823171  0.07982455 ... -0.43835893 -0.21794136
  -0.06697809]
 [ 0.06576953 -0.05251059 -0.20629545 ...  0.13092482  0.00977083
   0.04227142]
 ...
 [-0.24246521 -0.00309981 -0.37574807 ... -0.001048   -0.08008058
  -0.05278476]
 [ 0.18013659 -0.03415587 -0.07181726 ... -0.00263309  0.05155369
   0.0180365 ]
 [-0.12287535  0.02087562 -0.01838838 ...  0.06601255 -0.130117
  -0.10138253]]

Layer: network.network.10.bias
Weights:
[ 0.42629415 -0.02110679 -0.36434737 -0.07003405 -0.11171179  0.1408666
  0.22335596 -0.15688798 -0.16697067 -0.06308805 -0.02777639  0.20877154
 -0.01090007 -0.09232489 -0.15127239 -0.1326755   0.4650176  -0.15238982
  0.26061442 -0.20841946  0.18578608  0.23037775 -0.8049756   0.03367039
 -0.05391918 -0.1215681  -0.13875404  0.18549486 -0.41665128 -0.12646243
 -0.14620551 -0.4302573   0.1545148  -0.09068061  0.1565395  -1.1459073
  0.26630512 -0.10466895  0.05858307 -0.03858456 -0.19285357 -0.09199492
  0.20496249  0.03345899  0.43072602  0.06358443  0.08356214 -0.11521363
 -0.21436982  0.12747987  0.19764337  0.221191   -0.13073707 -0.15189429
  0.16813707  0.14132145 -0.0532547   0.22507086 -0.14792898 -0.8638992
 -0.04640288 -0.00755992 -0.14902335  0.30186933 -0.00145674 -0.3201339
  0.25113094  0.24593982 -0.12175307 -0.31409964  0.20351166 -1.0819885
 -0.13213658  0.06072554  0.21693677 -0.1812789  -0.05556231 -0.805622
 -0.04370268  0.09451325 -0.20588548  0.01687747  0.01258038  0.07053262
 -0.02073625 -0.22067754  0.01266321 -0.20253326 -0.2389366  -0.04605414
  0.04264012  0.24632476  0.05013201  0.2845738   0.30158    -0.0318395
 -0.12705645  0.01476558  0.21963823  0.12915511  0.06832361  0.25262237
 -0.04697792  0.1621936   0.21612741  0.09519771  0.00322591  0.09986065
 -0.02724852  0.15062776  0.10371587  0.08050577 -0.19603857  0.14935896
  0.14869605 -0.19875072 -0.15801048 -0.0618953   0.14884846 -0.1534487
 -0.20429176 -0.02729577  0.17117463 -0.05646643 -0.08866901 -0.16940434
 -0.15033144 -0.7518726  -0.01342977 -0.1791512   0.3235227  -0.12599425
 -0.11419616  0.04966623  0.5491311  -0.16718368  0.24419038  0.3386189
 -0.02814314  0.10977589  0.07368305  0.13889161 -0.00176676  0.20124492
  0.10077399 -0.35181367  0.05443668 -0.09931666  0.31107366  0.44037616
 -0.02898646 -0.37032098 -0.05117876  0.05469145 -0.21869874 -0.32501
  0.14474092 -0.25317174 -0.23040897  0.12360515 -0.02342561 -0.54899156
  0.09391989 -0.04545893  0.16669978 -0.46517223 -0.11914738  0.11463163
 -0.19942465  0.11808239  0.08058392  0.21410754  0.00876908  0.02422006
 -0.05089714 -0.02231785  0.18663135  0.11107443  0.11060939 -0.07546048
 -0.04102357 -0.9605944  -0.64034307  0.1558999  -0.10562199  0.17017637
  0.07362705 -0.11942641 -0.1455082   0.04424179 -0.38487944  0.04415292
  0.28548986  0.28687826  0.01633847  0.12914173 -0.18467154  0.05986512
  0.20569286 -0.2981796 ]

Layer: network.network.12.weight
Weights:
[[-0.04161914  0.04492871  0.06363345 ...  0.04559071 -0.0361463
   0.03509106]
 [-0.15102227 -0.1983225   0.01988167 ...  0.02406588  0.080945
   0.1578615 ]
 [ 0.04688407 -0.10098457 -0.07113826 ...  0.08835752  0.02523049
   0.03034904]
 ...
 [ 0.15013243 -0.02743383 -0.06125732 ...  0.10417162 -0.21623139
   0.08589543]
 [ 0.05736931 -0.14403814 -0.02832721 ...  0.00594227  0.04138407
  -0.01295082]
 [-0.02193421 -0.07852037  0.01183342 ...  0.04549034  0.01971594
  -0.02127832]]

Layer: network.network.12.bias
Weights:
[ 0.2466489  -0.5157078  -0.364056   -0.01073187 -0.07110152  0.26262534
  0.23146306  0.18838224  0.32488766  0.14269908 -0.15124197 -0.27974683
 -0.09930884  0.5335306  -0.0107603  -0.15800515  0.5942841   0.17098567
 -0.12638538  0.20147724  0.6958561   0.39907134 -0.47351113  0.45490202
  0.15249859  0.5500912   0.12112582 -0.10663957  0.3785844   0.19619742
  0.00685581  0.6372181  -0.20425442  0.41213822  0.3661279   0.69909424
 -0.27132076 -0.09867315  0.2770459   0.5677634   0.15219747 -0.28648427
 -0.8282928  -0.55633026  0.5795514   0.20886782  0.03458896  0.11524652
  0.58264565  0.20153251  0.39372474 -0.21597162 -0.14992633  0.04156028
  0.44030178  0.57820314  0.01588426  0.08173354  0.2496558  -0.11110342
 -0.12756674 -0.59932214  0.20505756 -0.18246876 -0.12300325  0.34091097
  0.09784393 -0.9131029   0.18173513 -0.09668394  0.54448366  0.4682871
  0.0984451  -0.8200356   0.5932851  -0.14871292 -0.8839047   0.45916086
 -0.17851113  0.48787344  0.6707396   0.37111533 -0.8362119   0.60326296
  0.18999527  0.53928334  0.36635545  0.12629029 -0.15845992  0.60518265
 -0.4736177   0.62852174  0.35430497 -0.3925637  -0.2798236   0.34257376
  0.2155322   0.21529174  0.22617106  0.1383577   0.5032202  -0.8564926
  0.47502187  0.6097763   0.06906793  0.53093225 -0.5572105   0.7066064
  0.30834663  0.6416703   0.17832844  0.05462368  0.5888084   0.25949317
  0.17723183  0.17004448 -0.92688686 -0.12893765  0.06845903  0.459684
 -0.6570077   0.7432039  -0.12934957  0.16722597  0.17944808  0.39131013
 -0.5040043   0.3161759   0.23762968  0.50495887  0.46377882  0.28069165
  0.75158554  0.47769335 -0.31925395  0.02734344  0.45469356 -0.04013701
  0.11480608  0.59587306 -0.16495046  0.42591503  0.5400773   0.5585634
 -0.06373811 -0.10168813  0.06151346  0.23447803  0.57115793  0.28046882
  0.00426087 -0.14765371  0.34130508  0.0611001   0.5071668   0.5501073
  0.37019682  0.4601083  -0.15119582 -0.5171539  -0.6210807  -0.00941058
  0.5757454  -0.15341581  0.748059   -0.6152623   0.2977112   0.19051945
  0.6763082  -0.7456603   0.3047605  -0.12490551 -0.11756746  0.35960546
  0.18923724 -0.50444335  0.28477922  0.56158596  0.00323214  0.2886908
  0.62515825  0.21608192 -0.08452406  0.2753038  -0.05157245 -0.7395699
 -0.32660675 -0.06085644 -0.09029287 -0.32587045 -0.725888   -0.109799
 -0.17377257  0.5813837   0.4536385   0.52098453 -0.2643065  -0.16805352
  0.6503417  -0.9252185 ]

Layer: network.network.14.weight
Weights:
[[-1.23555258e-01  8.97667706e-02  5.12436107e-02  7.70841017e-02
   1.69684365e-02 -7.02519109e-03 -3.44898365e-02 -1.56116009e-01
  -2.39874460e-02 -1.56609431e-01  7.67982975e-02  3.09594925e-02
  -1.11594470e-02 -2.02190742e-01  6.44543245e-02 -4.53475639e-02
  -1.44562662e-01  1.76218078e-01  1.42373843e-02 -7.74665698e-02
   1.86563972e-02  3.96149307e-02 -1.10038921e-01 -7.67938346e-02
   1.48892999e-01  1.41997948e-01 -6.31505772e-02  8.12108740e-02
   3.69903073e-02  2.89700359e-01  1.18236259e-01 -1.86963707e-01
   6.45429920e-03 -5.54437526e-02 -2.63110995e-01  2.35449716e-01
   1.37492865e-02  7.17321634e-02 -2.55544651e-02 -1.99071199e-01
  -3.02879773e-02  6.94814175e-02 -1.86493933e-01  4.35951948e-02
   2.02241354e-02  3.07581127e-01  3.49201113e-02 -1.25138704e-02
  -3.34808417e-02  9.38060284e-02 -4.03929651e-02 -8.91149789e-02
  -4.01131772e-02  2.12972332e-02  1.95429800e-03 -3.27845551e-02
   1.69072673e-01  1.75803900e-01 -3.36843967e-01 -2.21119802e-02
   8.93253274e-03  1.64494112e-01 -7.93897361e-02  2.43458636e-02
   3.08279712e-02  2.09669411e-01 -2.86310278e-02 -2.04517469e-01
  -1.57445937e-01  7.46159405e-02 -1.32241756e-01 -9.37297940e-02
  -1.53705284e-01  1.68228298e-02 -6.39254786e-03 -6.29409775e-02
   2.90437136e-02  6.40312210e-02  3.27571854e-02  2.02969387e-01
   5.52846193e-02 -2.90712365e-03 -3.73515785e-02  1.16307773e-01
  -2.89279342e-01 -5.24539500e-02  2.48428836e-01 -8.65862146e-02
   4.64078458e-03 -3.31096747e-03  1.15605332e-01 -2.56572306e-01
   2.13540971e-01 -4.14030254e-02 -6.36860430e-02 -1.45398639e-02
   2.33172514e-02  6.94397688e-02 -1.03191391e-01 -9.04676691e-02
   6.00823537e-02 -9.03801695e-02  1.85644105e-02 -2.32752189e-01
  -1.65477619e-01  3.86337563e-03 -5.69846593e-02  3.10470581e-01
  -1.61587164e-01 -2.13468075e-01 -1.30037025e-01  1.79039553e-01
   1.32329566e-02 -2.96350747e-01  2.31367067e-01 -1.19137213e-01
  -1.11924554e-03 -2.21161880e-02 -3.47251818e-02 -2.05317467e-01
  -1.30640030e-01  1.70311444e-02  2.26296559e-02  8.49763900e-02
  -3.51151705e-01 -7.25635961e-02 -1.01416022e-01 -1.96018800e-01
   1.64401293e-01 -6.21636584e-02 -9.21378657e-02 -2.29711663e-02
   5.04263192e-02  1.61073267e-01  3.27450559e-02  9.35016870e-02
  -1.39517412e-02  4.00800072e-02  1.19278707e-01  2.25481689e-01
   9.25854817e-02 -4.79360931e-02 -1.44834831e-01 -1.23956032e-01
  -1.62602350e-01  1.54227674e-01 -2.65417099e-02  1.02993414e-01
   8.33448116e-03 -1.65182889e-01  3.96613590e-02 -1.59587599e-02
  -9.72220674e-02  3.51731479e-02  5.96019551e-02 -2.11089194e-01
  -1.34572545e-02  1.17626771e-01  1.05023570e-02  1.26769103e-03
   1.83039606e-02  7.86718056e-02  1.23134881e-01 -2.14707721e-02
   2.35224590e-01  2.33897716e-01 -1.46084726e-01  8.95579681e-02
   2.11681034e-02 -9.01140086e-03  3.97371240e-02  2.72013266e-02
   8.19117725e-02  2.71159578e-02  1.95829481e-01 -6.09736191e-03
   1.67499983e-03 -1.44484371e-01 -2.99901143e-02  2.98988223e-01
  -3.56887914e-02  2.95963287e-01  1.88966002e-02 -3.38444561e-01
   8.71318579e-02  2.03779772e-01  2.12108660e-02 -7.93104768e-02
   5.42257838e-02 -6.17406738e-04 -4.48387042e-02  8.02993327e-02
   2.12000255e-02 -8.93034134e-03 -4.46154959e-02 -1.19503662e-01
  -2.60053389e-02 -9.29680318e-02 -2.22141016e-02  7.58272931e-02]
 [ 8.14251527e-02  1.00739393e-03  2.64862813e-02  6.40257746e-02
  -1.02511272e-01 -1.66238502e-01 -1.12156399e-01  2.70372741e-02
   2.50144064e-01 -7.57642090e-03  4.04294506e-02  5.71460240e-02
   2.02311113e-01 -6.08483842e-03  1.45001244e-02  4.82600788e-03
  -1.43668547e-01  6.52558878e-02  2.14773249e-02 -1.87809899e-01
   2.79783845e-01 -7.32600912e-02 -1.71318129e-02 -1.23871349e-01
  -1.53453508e-03 -4.69775237e-02  1.32576432e-02  5.78681454e-02
  -1.26234367e-01  5.05585298e-02 -7.83364922e-02 -3.00204679e-02
   7.63725638e-02 -1.64965242e-01 -4.53898534e-02  1.66831184e-02
  -1.52660891e-01  5.93443476e-02 -3.02385122e-01 -6.00714656e-03
   1.37654275e-01  1.96353756e-02 -4.14908640e-02  3.69613543e-02
  -1.52478769e-01 -3.97844046e-01 -9.93588381e-03  9.13182739e-04
  -1.42035738e-01 -4.77265090e-01 -4.86360192e-02  6.53263647e-03
  -9.20856223e-02 -1.28415242e-01  1.25556335e-01  2.05578417e-01
   3.63820419e-02 -4.08361964e-02 -5.26561625e-02 -8.95264149e-02
  -7.09916130e-02 -1.87796094e-02  2.07530573e-01 -6.03612065e-02
   8.75970870e-02 -3.27121615e-01 -1.32460490e-01  3.39084715e-02
   6.49540573e-02 -7.66732916e-02  1.56655744e-01 -4.82783616e-02
   1.11707024e-01  1.37197301e-01  1.65483013e-01 -5.87789118e-02
   2.17201501e-01 -8.47743005e-02 -3.12657580e-02 -2.79144663e-02
   2.33649567e-01 -1.63794532e-01 -1.69007983e-02 -3.37365940e-02
   2.21722156e-01  1.82621449e-01  8.95102043e-03 -3.17323565e-01
  -2.78085098e-02  2.35508621e-01 -6.16653748e-02 -2.31081359e-02
   2.10135147e-01  4.19083657e-03 -1.01953089e-01 -4.20208164e-02
  -2.86042750e-01  9.71279889e-02  3.51997465e-01 -7.36243501e-02
   1.58436567e-01  7.72196874e-02  1.12313770e-01 -2.68709511e-02
  -1.39876269e-02 -1.18595280e-01 -3.12421564e-02  2.43998282e-02
  -2.04164192e-01 -1.95050053e-02  9.14559606e-03  7.88253695e-02
   1.79052651e-01 -1.13956891e-02  2.53883988e-01  8.80584642e-02
   2.33842999e-01 -1.64013103e-01  6.65558502e-02  4.32877056e-02
  -4.88168700e-03 -2.64554322e-01 -3.94830592e-02  2.49457620e-02
   4.96393234e-01  4.65570800e-02 -2.07737158e-03 -6.13720797e-04
  -4.44791950e-02  1.14600271e-01 -3.60487327e-02  2.89477795e-01
  -2.70969987e-01  3.69548872e-02 -4.96828929e-02 -1.17838837e-01
   7.43956640e-02 -1.19589046e-01  1.23490989e-01  7.52029568e-03
  -7.72958249e-02 -1.07306689e-01  1.36452079e-01  3.08008231e-02
  -7.61691062e-03 -3.01937889e-02 -8.16963837e-02 -1.39001027e-01
   1.03403956e-01 -1.11098766e-01 -4.13560160e-02 -1.27087161e-02
   8.56225938e-02  1.02450490e-01  9.88549516e-02  1.38994843e-01
   1.56182140e-01 -1.62339415e-02 -2.72878986e-02 -1.56633481e-01
  -7.70230293e-02  4.70579825e-02 -2.35764682e-02 -1.37868941e-01
   1.03850253e-02  5.10643562e-03  6.34782836e-02 -2.66585708e-01
   2.19112948e-01 -3.09525896e-02 -8.94201770e-02 -5.63673377e-02
   6.22199476e-03 -1.09224029e-01 -2.42102277e-02 -9.14505050e-02
  -3.51088308e-02 -1.08173989e-01 -1.40138259e-02 -2.52416730e-02
   1.95297360e-01  8.99018645e-02 -5.48656583e-02  6.51596904e-01
   1.06703641e-03 -5.81545457e-02 -1.02066413e-01  1.19255371e-02
  -1.85386837e-02  1.23339361e-02 -1.73406638e-02 -7.87065104e-02
   3.92026864e-02  1.92006186e-01  1.42135039e-01  4.12429124e-02
  -1.12159122e-02 -9.03598815e-02  2.27144539e-01  9.64613557e-02]
 [ 6.98673576e-02 -2.52524409e-02  6.04738966e-02 -1.50175780e-01
  -1.42187789e-01 -7.27509111e-02  4.03348133e-02 -1.41498402e-01
  -2.21579932e-02 -8.80054310e-02  5.72684221e-02 -9.70927030e-02
  -1.60240252e-02 -2.83365678e-02 -1.43104732e-01  7.04162579e-04
   2.77120788e-02 -3.71590704e-02  5.25592305e-02  4.75564525e-02
  -2.86486614e-02  2.08514906e-03 -1.26143277e-01  1.55843766e-02
   2.17762396e-01  7.67614841e-02 -2.30546325e-01  3.08027297e-01
   6.01415262e-02 -2.20549896e-01 -7.99205806e-03  5.85335717e-02
  -9.74370837e-02  7.10605681e-02  1.91713460e-02  3.56957316e-03
  -3.88408080e-02 -1.87305257e-01 -2.96915844e-02 -5.99721037e-02
   2.20413189e-02  1.22064501e-02 -2.11664494e-02  6.65589273e-02
   4.50752527e-02  3.57285477e-02  1.32450625e-01  8.84829164e-02
   3.42438417e-03 -1.11987451e-02 -1.30940964e-02 -2.27928329e-02
  -4.77540791e-02 -4.76068854e-02 -6.28513619e-02 -4.92521003e-02
   8.48029032e-02 -3.56847346e-01  5.75729609e-02 -1.12701114e-02
   3.40775438e-02 -4.83664684e-02 -1.37575284e-01 -4.12689671e-02
  -2.08468828e-02 -1.53982844e-02  4.55923658e-03 -4.20007855e-02
   2.58579522e-01 -1.21071719e-01  8.48932788e-02 -1.18185528e-01
   1.14775458e-02  2.86013968e-02  2.06181873e-03 -4.55552852e-03
   3.38301659e-02  1.98706105e-01  8.60744268e-02 -5.58011085e-02
  -5.14832772e-02 -1.03161208e-01  6.07741587e-02 -2.02018693e-01
  -1.43457046e-02  7.74815381e-02  1.37470350e-01 -6.72039855e-03
  -7.31759565e-03  1.95221063e-02  3.44316885e-02  1.22124642e-01
  -5.73029518e-02  9.94151309e-02 -6.81483895e-02  2.20562011e-01
  -4.57809158e-02  1.55455144e-02  1.34951156e-02 -9.07257665e-03
   8.92779455e-02  6.68530762e-02  1.91666093e-02  4.74366359e-02
   1.18293293e-01 -1.01825558e-01  4.57602330e-02  7.02273101e-02
   1.50647402e-01  2.11128797e-02 -1.89446285e-01  1.83989510e-01
   1.35577396e-02 -8.40954557e-02  2.34654546e-02  7.10987598e-02
   8.09401423e-02  3.20513695e-02  3.57664451e-02  4.96771671e-02
  -6.72842190e-02 -9.22910944e-02 -8.92837998e-03 -1.50699511e-01
  -1.72539324e-01  9.82411131e-02 -1.36449374e-02  2.28173360e-01
  -2.87829965e-01 -4.28295396e-02  1.40417024e-01 -3.98971327e-02
  -2.81880796e-02  1.98989227e-01  2.34442987e-02 -4.45640981e-02
   6.74287975e-02  1.37390867e-02  8.48061740e-02  9.21814516e-03
   1.29500907e-02 -5.63645177e-03  3.39745358e-02 -7.57697076e-02
  -5.78965694e-02  6.72218129e-02  2.77519822e-02  4.95528951e-02
  -1.04564585e-01 -7.56117236e-03 -1.43462867e-01  1.65846888e-02
   4.24352400e-02 -3.40626568e-01  5.11931106e-02  1.73073635e-01
  -2.31076181e-02 -4.74176258e-02  1.03597902e-02 -7.71866273e-03
   2.30432972e-02  3.78114246e-02 -4.23781294e-03 -2.06415709e-02
   7.98394158e-02 -1.12051971e-01  3.35000120e-02  1.62481777e-02
  -3.96702588e-02  9.91345719e-02 -1.21708184e-01 -1.13420393e-02
   9.01796594e-02 -6.84248656e-03  1.76318333e-01 -2.06050482e-02
  -2.13091210e-01  9.98522118e-02 -2.76766494e-02  1.46474540e-01
  -6.43701404e-02  1.05495661e-01 -2.58955937e-02 -1.01797745e-01
  -1.06624708e-01  4.10438925e-02  2.84842495e-02 -1.16716839e-01
   5.69122434e-02  2.51036994e-02 -2.26863716e-02  1.59462150e-02
  -9.15153548e-02 -1.75680760e-02  2.97159124e-02 -6.47409931e-02
  -5.58809191e-02 -4.07235101e-02  4.86389408e-03  1.17963336e-01]
 [ 1.66614294e-01 -2.21466552e-02  8.67150202e-02 -1.57736167e-02
   1.38544627e-02 -2.35756915e-02 -5.44278324e-03  1.16692729e-01
   7.13250563e-02  1.36062817e-03 -5.25165163e-02 -6.42341096e-03
  -1.23531505e-01 -2.53622569e-02 -2.09327531e-03  3.24803628e-02
   3.76426433e-05 -3.22796285e-01  5.24906032e-02  2.63292760e-01
  -6.62379786e-02 -7.67680109e-02 -2.68231835e-02  3.65900435e-02
   7.25580426e-03  4.41774391e-02 -9.90303513e-03  6.62953407e-02
   3.42711322e-02  5.38639277e-02 -7.49665052e-02 -4.59018424e-02
  -1.99293308e-02  1.03871070e-01  4.86119427e-02  2.80590612e-03
  -6.36076629e-02 -1.15451561e-02  4.25445149e-03 -6.21945262e-02
   3.26784775e-02 -2.21678037e-02  3.56050059e-02  6.11546030e-03
   8.11808854e-02  4.84854914e-02  2.52695680e-01  1.82123229e-01
   8.50127861e-02 -5.20411879e-02  1.94404766e-01 -6.43074811e-02
   2.05971356e-02 -2.81927697e-02 -7.12473243e-02  3.30287740e-02
   1.03843296e-02 -3.64348143e-02  1.70866735e-02  1.04533382e-01
   4.34064493e-02 -1.15890680e-02  1.36005795e-02 -3.95231396e-02
  -1.99743465e-01  8.48850701e-03 -1.51971996e-01 -8.79645813e-03
   5.04160561e-02  1.51316728e-02  1.73314109e-01  5.54529671e-03
  -9.81572866e-02 -2.62120664e-02  8.83268341e-02 -7.21953809e-02
  -5.05711185e-03  1.42599773e-02 -8.06263238e-02 -1.89787243e-02
   3.71534340e-02  1.57425404e-02  9.61422101e-02 -4.20695059e-02
  -3.38425189e-02  6.45315321e-03  7.67060742e-02  1.92003921e-01
  -8.16912390e-04  1.29878536e-01 -3.09787448e-02  4.25829925e-02
  -5.23799136e-02  6.69677975e-03 -4.43423539e-03 -2.68429760e-02
   3.58608514e-02  1.83337703e-01  4.81803007e-02  3.27772439e-01
   1.37483492e-01  7.65708387e-02  3.71436514e-02  5.58978207e-02
  -3.70557718e-02  6.14905264e-03  3.71644162e-02 -6.54309988e-02
  -2.50548422e-01 -6.51477426e-02 -9.48356185e-03  8.55688471e-03
  -2.86318325e-02 -2.52711743e-01 -2.64978319e-01 -4.00828868e-02
  -2.04065274e-02 -5.83448224e-02 -2.51621932e-01 -5.59178814e-02
   4.70963214e-03 -2.51205242e-03 -2.97033470e-02 -1.08812610e-02
  -6.11107945e-02  2.54562721e-02 -5.55863678e-02  4.65820618e-02
  -5.43136783e-02 -8.69228765e-02  6.00479823e-03  1.30057931e-01
  -5.05738445e-02  3.90470289e-02  7.86167234e-02  7.13970065e-02
  -7.54107982e-02  1.03134200e-01  3.10766269e-02 -4.61841971e-02
  -1.29729090e-02 -2.17881635e-01  2.00914498e-02 -1.00883292e-02
   5.41482568e-02  2.17335261e-02  4.20472724e-03  9.52158421e-02
  -9.13980007e-02  2.93788593e-02  3.86070497e-02  6.20901166e-03
   8.11528414e-02  5.07606268e-02 -4.55258191e-02  9.06139836e-02
   1.71644658e-01  1.07070856e-01 -4.55023116e-03 -5.81363477e-02
   6.96714967e-02  3.86351310e-02 -1.02611138e-02 -9.11039710e-02
  -2.52958070e-02  2.86996132e-03 -6.48944303e-02  1.87876835e-01
   2.26694141e-02  6.60264641e-02  4.08810526e-02  6.72103316e-02
   7.05629960e-02  2.06030488e-01  7.83232376e-02  4.43416983e-02
   3.01382560e-02  9.10707042e-02 -8.17283317e-02  3.65468971e-02
  -1.58734307e-01 -4.08187881e-02  9.90373418e-02 -8.83286670e-02
  -2.18044017e-02  2.61998270e-02 -2.09238306e-02  4.77834605e-02
   2.96794605e-02  1.35290418e-02 -1.87954155e-03  5.53250164e-02
   3.57041508e-02  9.55801904e-02  1.31206438e-01  2.03477312e-02
  -4.36964110e-02  4.69620787e-02  1.44491956e-01  7.53952861e-02]]

Layer: network.network.14.bias
Weights:
[ 0.05591987 -0.22219516 -0.5769024  -0.6240547 ]
